16017
15206
15096
18849
12567
15449
17318
13792
15472
19892
15262
16430
19711
7947
15605
15866
16179
15468
16217
20887
15272
11507
15333
15269
18356
13213
17418
15230
28994
3369
17810
11397
16593
13487
15587
16018
15230
16224
14871
16153
14966
17781
13518
16409
14732
19658
14893
13120
15861
15655
15150
16027
14879
15743
15344
16685
18092
13625
15031
15939
25081
6599
19924
11459
15409
14581
17784
13652
16718
13839
14780
14999
15567
18982
14417
11518
16522
16676
13810
15861
14530
17876
13230
20101
10220
15880
16192
13959
14796
19036
17950
17445
14817
12184
16304
12217
16324
14572
19895
10501
19135
13921
15344
14678
14226
15223
15905
16830
13806
15046
16123
13537
15342
15300
15054
15225
16118
16818
14219
14639
15497
17258
12995
15082
102723
511
11861
11076
13207
15452
15311
15095
18581
12525
15343
16283
15502
18358
13716
20976
10275
15264
13630
16081
15724
18865
12214
14986
18955
12600
17618
14327
14735
17841
13823
21368
14206
14147
15606
11165
15936
15502
16317
14647
16736
14351
14682
15541
15311
15701
16004
22074
8437
16136
15787
18752
12453
15561
17985
14855
15440
17491
13391
15162
14778
15491
19141
17075
9794
16049
14375
15492
15542
15255
16046
15605
16303
13915
15849
15248
15604
15438
19355
10670
15052
16302
16856
13651
15725
16051
15964
15120
19008
13251
15760
16045
16043
14657
15471
22548
14960
8827
15470
15610
15053
16087
17426
16244
13933
18692
11382
22623
7460
23752
9111
14155
19471
10925
21440
10381
16749
11759
20887
15588
15558
10563
16574
14226
14692
15714
36125
150
9410
18798
40648
1731
11237
20585
2174
15524
17652
14765
17896
11225
17112
15038
22179
15407
10718
17309
17162
14077
20780
19620
7666
15288
16315
13713
15108
16697
14064
17864
84980
3200
14092
8150
11064
16243
14454
15663
15746
16139
21646
9652
14964
15622
14585
19184
14890
14758
13603
17933
12386
15902
16495
15643
14962
15898
17796
14764
13791
21400
10841
19862
15040
21401
12896
11486
15805
16345
12886
15747
15051
15136
15837
14486
16479
14309
16911
14581
14953
15660
17707
13772
17619
13707
16216
16769
14585
14905
16623
15792
15507
16317
15011
17038
15296
18159
19656
31361
159
15493
7472
15699
14313
17984
12954
18020
13122
15248
16526
15366
14700
18086
21030
9695
14995
15745
14892
15420
21193
10748
15750
16209
15787
15449
16603
16214
14836
14783
15733
19190
17338
10590
15547
14752
15705
14749
16022
15950
15406
15759
18394
13985
15089
14548
19078
16039
13766
17783
12026
15690
16620
18141
13108
22464
7578
14542
20195
11135
15508
15154
19739
14631
15751
12431
14941
18090
12277
15874
15345
21818
9033
16503
15901
15510
15317
17027
24053
12677
16833
9009
14885
15340
16168
15504
15682
15230
17186
13938
15812
14771
32223
280
17060
23045
14273
8750
29932
259
15468
20313
11144
14700
15295
14971
15081
15916
15171
15780
20265
11845
14978
16790
15847
18728
17413
11510
15275
15076
16169
15458
16897
20526
9391
22305
13142
18758
8888
14752
24473
16816
6458
17099
16854
15346
12315
18402
17842
13397
12332
15018
16214
14962
19038
12463
16556
15461
14951
14997
