14761
17210
13970
17022
15040
15692
15516
15562
16063
16107
16120
15265
16085
15322
16363
14746
15772
15668
15618
15519
15340
16234
16129
15045
15384
15503
15711
16283
15959
15383
16074
15293
16091
15532
18307
12278
16104
15905
15923
15988
15269
16761
15929
15873
16176
17874
12189
16596
15104
15697
15807
16239
15123
15658
15450
15446
16139
15958
15821
16463
16081
16098
15842
15244
15723
15506
15538
16464
15104
15899
16175
15424
15050
15405
16452
15664
14933
16512
15761
18649
12268
15527
15578
15826
15909
15385
15043
15585
15250
16291
15352
15193
15797
16103
15766
16213
14980
15931
15590
15584
15997
14885
15893
15605
15918
14545
16058
15272
16080
15753
15913
15730
14961
15913
15436
15485
15351
15776
15385
15765
14699
16009
15452
15925
16190
15963
15565
16191
15779
16235
15732
15967
14922
15470
14816
15815
15873
15337
15727
15750
15686
15480
15946
15562
15740
15340
15188
15776
15548
15356
15714
16069
15461
16020
15654
15627
15364
15781
15262
15695
15916
15227
16605
14951
15553
15910
15433
15463
15443
15552
15164
16281
15935
15541
15738
15545
15407
15713
15659
16062
15264
14870
15617
16130
15656
15358
15333
15861
15742
16073
15523
15608
15837
15164
15407
15611
20450
10467
15415
16291
14938
16198
16334
15418
15847
15480
14892
15852
15383
15999
15846
14989
16041
16186
15364
14872
15539
15321
15472
16181
14524
15814
16195
15560
15307
16284
15795
15124
15691
16342
14669
15160
15396
16488
15635
16685
15118
18137
11880
15704
15227
16362
15918
16072
15377
16514
14860
15327
15447
16386
15253
16045
15539
15497
15541
16012
15742
15821
15827
15187
15591
15073
15709
15238
15653
15526
15322
15895
15928
15965
16089
14830
15531
16252
15304
16536
15177
16084
14845
16048
15652
15530
15064
16688
15334
15594
14842
16491
16031
15160
17797
12830
15892
15485
15361
15746
15080
15699
15600
15556
15674
15392
16140
15393
15442
15572
15606
15072
15416
15805
15786
15596
15277
16054
15385
15651
16344
15946
15226
15138
15984
16379
14594
15108
15332
15217
15122
15596
16046
15634
15598
15952
15438
15703
15448
15568
15475
15277
15469
15181
15413
15373
16427
16179
15808
15783
15978
15392
15754
15502
15541
15824
15618
15561
16683
14077
16615
14348
15883
15730
15998
15828
15131
15707
15140
15887
15403
15757
15528
16115
15542
15289
16207
15261
15863
15299
15423
16260
15129
15435
15507
15753
15999
16035
15893
15786
15267
16340
15258
15874
15768
15544
15936
15614
15857
15515
15610
15553
15727
16011
15519
16089
15565
16687
14776
15897
16147
15540
15539
15495
15703
15602
15798
14873
15822
15265
15573
37841
9859
15640
15201
15934
15337
15341
15643
15979
15422
15690
15588
16652
15329
15265
15558
16492
14224
19306
13048
14831
16419
15437
13079
17017
35068
823
14436
14048
17517
11407
14391
17336
14420
16489
15598
16197
18649
13581
17155
13514
17701
13568
15846
16089
15909
16089
16373
16031
15391
16101
14857
16237
14529
15654
19246
12233
15631
16274
15321
14959
15562
15978
14789
15683
14973
15855
16160
14548
15382
15691
15891
15048
16009
15954
15229
15679
16004
15335
15005
15731
16579
14110
